"lon" "lat" "month" "trend" "species" "prob" "pcatch" "hks" "catch" "cpue" "at.sea"
"1" -87.5 -57.5 6 648 "ALB" NA NA NA NA NA "land"
"2" -82.5 -57.5 6 648 "ALB" NA NA NA NA NA "land"
"3" -77.5 -57.5 6 648 "ALB" NA NA NA NA NA "land"
"4" -72.5 -57.5 6 648 "ALB" NA NA NA NA NA "land"
"5" -67.5 -57.5 6 648 "ALB" NA NA NA NA NA "land"
"6" -62.5 -57.5 6 648 "ALB" 0.278782470771966 1239.3809429085 120049.089455857 345.517681491722 0.00287813662775652 "sea"
"7" -57.5 -57.5 6 648 "ALB" 0.313406638280233 1573.75216125235 126803.552237193 493.224374344351 0.00388967316484753 "sea"
"8" -52.5 -57.5 6 648 "ALB" 0.345454065699428 1912.63254906402 130498.123911241 660.726690263226 0.00506311256024357 "sea"
"9" -47.5 -57.5 6 648 "ALB" 0.371059360713797 2112.59727535641 131127.897149068 783.898994439459 0.00597812526153998 "sea"
"10" -42.5 -57.5 6 648 "ALB" 0.388508189746577 2119.25547177677 130318.783207426 823.348106950521 0.00631795422491027 "sea"
"11" -37.5 -57.5 6 648 "ALB" 0.394143167638827 1974.04230491482 127758.734968371 778.055287112177 0.00609003593613227 "sea"
"12" -32.5 -57.5 6 648 "ALB" 0.390369880724482 1739.22788873243 123781.870289463 678.942183477173 0.00548498889126067 "sea"
"13" -27.5 -57.5 6 648 "ALB" 0.380299610886117 1598.11162763471 120256.843073361 607.761230142058 0.00505385984372883 "sea"
"14" -22.5 -57.5 6 648 "ALB" 0.370222338132081 1531.47757410483 117450.385358373 566.987208281937 0.00482746145576196 "sea"
"15" -17.5 -57.5 6 648 "ALB" 0.363310075733866 1481.83707649415 114659.857323985 538.366340486341 0.00469533412173296 "sea"
"16" -12.5 -57.5 6 648 "ALB" 0.358008964707999 1406.00264878133 113335.381173043 503.361552666908 0.00444134521326898 "sea"
"17" -7.5 -57.5 6 648 "ALB" 0.353850072382039 1326.22021989506 113480.644330432 469.283120804392 0.00413535826812843 "sea"
"18" -2.5 -57.5 6 648 "ALB" 0.344887875403072 1230.71480233972 115753.473141929 424.458613406059 0.00366691902959677 "sea"
"19" 2.5 -57.5 6 648 "ALB" 0.333583844663018 1125.94211431851 119910.399073927 375.596099362374 0.00313230630756897 "sea"
"20" 7.5 -57.5 6 648 "ALB" 0.320200725692163 1022.17745828578 125142.730375572 327.301963929278 0.00261542930178201 "sea"
"21" 12.5 -57.5 6 648 "ALB" 0.307450795387972 923.36264259232 130947.363483992 283.888578896548 0.00216795948649438 "sea"
"22" 17.5 -57.5 6 648 "ALB" 0.293459699771563 835.510397021265 137837.115953657 245.18863026588 0.00177882879055824 "sea"
"23" 22.5 -57.5 6 648 "ALB" NA NA NA NA NA "land"
"24" -87.5 -52.5 6 648 "ALB" NA NA NA NA NA "land"
"25" -82.5 -52.5 6 648 "ALB" NA NA NA NA NA "land"
"26" -77.5 -52.5 6 648 "ALB" NA NA NA NA NA "land"
"27" -72.5 -52.5 6 648 "ALB" NA NA NA NA NA "land"
"28" -67.5 -52.5 6 648 "ALB" 0.272601194602329 952.910083677806 116855.577362773 259.764427159175 0.00222295275092217 "sea"
"29" -62.5 -52.5 6 648 "ALB" 0.304340002765882 1222.51596094897 123193.365880016 372.060510936544 0.00302013430900907 "sea"
"30" -57.5 -52.5 6 648 "ALB" 0.340639154125459 1552.33719440122 130124.738775185 528.786828818321 0.00406369176065668 "sea"
"31" -52.5 -52.5 6 648 "ALB" 0.373954572066216 1886.60623841292 133916.07715246 705.505028543157 0.00526826235911881 "sea"
"32" -47.5 -52.5 6 648 "ALB" 0.400380160052514 2083.84992762566 134562.345152165 834.332167548181 0.0062003390815217 "sea"
"33" -42.5 -52.5 6 648 "ALB" 0.418290785127133 2090.41752206997 133732.03923062 874.402386550162 0.00653846596208902 "sea"
"34" -37.5 -52.5 6 648 "ALB" 0.424058170180551 1947.18035576976 131104.939259983 825.71773867924 0.00629814363470951 "sea"
"35" -32.5 -52.5 6 648 "ALB" 0.420197122070936 1715.56119679656 127023.914175456 720.873877630487 0.00567510363941985 "sea"
"36" -27.5 -52.5 6 648 "ALB" 0.409874730674496 1576.36518726574 123406.560894905 646.112256575199 0.00523563943350983 "sea"
"37" -22.5 -52.5 6 648 "ALB" 0.399519010972758 1510.63786230637 120526.59759259 603.528544686642 0.00500743036592403 "sea"
"38" -17.5 -52.5 6 648 "ALB" 0.392400577641233 1461.67285200366 117662.981194523 573.561271448744 0.00487461107670321 "sea"
"39" -12.5 -52.5 6 648 "ALB" 0.38693296045689 1386.87034773827 116303.814908448 536.625849420243 0.00461400040783413 "sea"
"40" -7.5 -52.5 6 648 "ALB" 0.382638329368975 1308.17356506236 116452.882738768 500.557347460116 0.00429836802394138 "sea"
"41" -2.5 -52.5 6 648 "ALB" 0.373368315561901 1213.96774562761 118785.240548616 453.25709233146 0.00381576945282148 "sea"
"42" 2.5 -52.5 6 648 "ALB" 0.361646123117353 1110.6207609008 123051.042976588 401.651692433419 0.00326410636364811 "sea"
"43" 7.5 -52.5 6 648 "ALB" 0.347724610056552 1008.26809128117 128420.417349779 350.599628873209 0.00273009258269486 "sea"
"44" 12.5 -52.5 6 648 "ALB" 0.334417861467067 910.797906625922 134377.083023513 304.587088162522 0.00226665947280033 "sea"
"45" 17.5 -52.5 6 648 "ALB" 0.319766201288407 824.141117984504 141447.289058939 263.532474623486 0.00186311435430675 "sea"
"46" 22.5 -52.5 6 648 "ALB" NA NA NA NA NA "land"
"47" -87.5 -47.5 6 648 "ALB" NA NA NA NA NA "land"
"48" -82.5 -47.5 6 648 "ALB" NA NA NA NA NA "land"
"49" -77.5 -47.5 6 648 "ALB" NA NA NA NA NA "land"
"50" -72.5 -47.5 6 648 "ALB" NA NA NA NA NA "land"
"51" -67.5 -47.5 6 648 "ALB" NA NA NA NA NA "land"
"52" -62.5 -47.5 6 648 "ALB" 0.329062351250774 1186.2209681056 124814.485902437 390.340660867798 0.00312736665175959 "sea"
"53" -57.5 -47.5 6 648 "ALB" 0.366755621386179 1506.25021544878 131837.069775591 552.425733729983 0.00419021550365391 "sea"
"54" -52.5 -47.5 6 648 "ALB" 0.401071611179641 1830.59522333521 135678.29894456 734.199775640809 0.00541132798208808 "sea"
"55" -47.5 -47.5 6 648 "ALB" 0.428103071285365 2021.98299040293 136333.071282033 865.617128278259 0.00634928209375958 "sea"
"56" -42.5 -47.5 6 648 "ALB" 0.446330735091976 2028.35560105891 135491.839240038 905.317446448547 0.00668171198742592 "sea"
"57" -37.5 -47.5 6 648 "ALB" 0.452184204767232 1889.37096976997 132830.168865931 854.343709475727 0.00643184990857037 "sea"
"58" -32.5 -47.5 6 648 "ALB" 0.448266386900543 1664.6282982913 128695.440958779 746.196912807438 0.0057981612032896 "sea"
"59" -27.5 -47.5 6 648 "ALB" 0.437775087102608 1529.56484680562 125030.486382579 669.605384039418 0.00535553690473941 "sea"
"60" -22.5 -47.5 6 648 "ALB" 0.427224778943998 1465.78888515374 122112.625210197 626.221332438374 0.00512822757974811 "sea"
"61" -17.5 -47.5 6 648 "ALB" 0.419957939918945 1418.27758568613 119211.326053433 595.616933117961 0.00499631161598682 "sea"
"62" -12.5 -47.5 6 648 "ALB" 0.41436820857161 1345.69587562196 117834.274293863 557.613589263674 0.0047321850336436 "sea"
"63" -7.5 -47.5 6 648 "ALB" 0.409972701245498 1269.33550347585 117985.303730173 520.392905146811 0.00441065868963582 "sea"
"64" -2.5 -47.5 6 648 "ALB" 0.400470036855212 1177.92653876646 120348.353387086 471.724284392535 0.00391965715455442 "sea"
"65" 2.5 -47.5 6 648 "ALB" 0.388424391573831 1077.64779870136 124670.290150526 418.584690541454 0.00335753361956611 "sea"
"66" 7.5 -47.5 6 648 "ALB" 0.374076117997118 978.333853752821 130110.320928321 365.971330117015 0.00281277709182373 "sea"
"67" 12.5 -47.5 6 648 "ALB" 0.360318001713431 883.757438804888 136145.371261177 318.433714349557 0.00233892427924474 "sea"
"68" 17.5 -47.5 6 648 "ALB" 0.345119986973468 799.673383464333 143308.615200754 275.983267684239 0.00192579676593503 "sea"
"69" 22.5 -47.5 6 648 "ALB" NA NA NA NA NA "land"
"70" -87.5 -42.5 6 648 "ALB" NA NA NA NA NA "land"
"71" -82.5 -42.5 6 648 "ALB" NA NA NA NA NA "land"
"72" -77.5 -42.5 6 648 "ALB" NA NA NA NA NA "land"
"73" -72.5 -42.5 6 648 "ALB" NA NA NA NA NA "land"
"74" -67.5 -42.5 6 648 "ALB" NA NA NA NA NA "land"
"75" -62.5 -42.5 6 648 "ALB" 0.35247940533125 1127.90914677326 124875.159780697 397.564745322316 0.00318369759062178 "sea"
"76" -57.5 -42.5 6 648 "ALB" 0.391290685816542 1432.20651211978 131901.157419456 560.409068358265 0.00424870470678374 "sea"
"77" -52.5 -42.5 6 648 "ALB" 0.426356691139281 1740.60748541364 135744.253857831 742.119648053224 0.0054670428173738 "sea"
"78" -47.5 -42.5 6 648 "ALB" 0.453801090457569 1922.58708184661 136399.344488303 872.472114241625 0.00639645386504363 "sea"
"79" -42.5 -42.5 6 648 "ALB" 0.472219459034045 1928.64643001273 135557.703512922 910.744373848552 0.00671849957801726 "sea"
"80" -37.5 -42.5 6 648 "ALB" 0.478119257537796 1796.49395496245 132894.73926765 858.938355917783 0.00646329840181167 "sea"
"81" -32.5 -42.5 6 648 "ALB" 0.47417123165994 1582.79910244615 128758.001417694 750.51779987714 0.00582890221666645 "sea"
"82" -27.5 -42.5 6 648 "ALB" 0.463583066237081 1454.37505126053 125091.265261366 674.223645722069 0.0053898539143668 "sea"
"83" -22.5 -42.5 6 648 "ALB" 0.452911829162205 1393.73416526583 122171.985680277 631.238690156404 0.00516680388422555 "sea"
"84" -17.5 -42.5 6 648 "ALB" 0.445547939281713 1348.55840907414 119269.276165809 600.847420164008 0.00503773846441982 "sea"
"85" -12.5 -42.5 6 648 "ALB" 0.439875900492918 1279.54464446285 117891.555004205 562.840852703985 0.00477422536910223 "sea"
"86" -7.5 -42.5 6 648 "ALB" 0.435410986820542 1206.93796787362 118042.657857807 525.514051623033 0.00445189951802051 "sea"
"87" -2.5 -42.5 6 648 "ALB" 0.425744150387498 1120.02245199174 120406.85622263 476.843007238145 0.00396026457460589 "sea"
"88" 2.5 -42.5 6 648 "ALB" 0.413462568483739 1024.67317796318 124730.893933433 423.664004017052 0.00339662445009939 "sea"
"89" 7.5 -42.5 6 648 "ALB" 0.398792497265546 930.24127200178 130173.569178036 370.973239921068 0.00284983535646698 "sea"
"90" 12.5 -42.5 6 648 "ALB" 0.384684023507681 840.314010254625 136211.553224127 323.255374474624 0.00237318617124003 "sea"
"91" 17.5 -42.5 6 648 "ALB" 0.369051199673049 760.363328496015 143378.279305921 280.612998568847 0.00195715138950798 "sea"
"92" 22.5 -42.5 6 648 "ALB" NA NA NA NA NA "land"
"93" -87.5 -37.5 6 648 "ALB" NA NA NA NA NA "land"
"94" -82.5 -37.5 6 648 "ALB" NA NA NA NA NA "land"
"95" -77.5 -37.5 6 648 "ALB" NA NA NA NA NA "land"
"96" -72.5 -37.5 6 648 "ALB" NA NA NA NA NA "land"
"97" -67.5 -37.5 6 648 "ALB" NA NA NA NA NA "land"
"98" -62.5 -37.5 6 648 "ALB" NA NA NA NA NA "land"
"99" -57.5 -37.5 6 648 "ALB" NA NA NA NA NA "land"
"100" -52.5 -37.5 6 648 "ALB" 0.451337191431803 1641.51734459271 134892.186520113 740.877827995066 0.0054923702188236 "sea"
"101" -47.5 -37.5 6 648 "ALB" 0.479046755116087 1813.13711895885 135543.16514353 868.577453417767 0.00640812432333277 "sea"
"102" -42.5 -37.5 6 648 "ALB" 0.497556374728426 1818.85151763573 134706.80715262 904.981167284128 0.00671815468284988 "sea"
"103" -37.5 -37.5 6 648 "ALB" 0.503470753813141 1694.22228230049 132060.55834679 852.991369596847 0.00645909255780138 "sea"
"104" -32.5 -37.5 6 648 "ALB" 0.499513756053275 1492.69275321639 127949.786820317 745.620563792623 0.0058274467064155 "sea"
"105" -27.5 -37.5 6 648 "ALB" 0.488885832820903 1371.57968823726 124306.066784569 670.545878164107 0.00539431337109401 "sea"
"106" -22.5 -37.5 6 648 "ALB" 0.478151330531985 1314.39099579169 121405.111535524 628.477803477057 0.00517669969186726 "sea"
"107" -17.5 -37.5 6 648 "ALB" 0.470730164787786 1271.78702679513 118520.622342711 598.668516698238 0.00505117594613318 "sea"
"108" -12.5 -37.5 6 648 "ALB" 0.465006408907487 1206.70211099738 117151.549143499 561.124215255975 0.00478972936643505 "sea"
"109" -7.5 -37.5 6 648 "ALB" 0.460496123935513 1138.22882224433 117301.703523759 524.149960795198 0.00446839172023647 "sea"
"110" -2.5 -37.5 6 648 "ALB" 0.450716959976201 1056.26127468984 119651.061804015 476.074870668793 0.003978860391967 "sea"
"111" 2.5 -37.5 6 648 "ALB" 0.438264778479047 966.340090032294 123947.957509204 423.512825493426 0.0034168600596906 "sea"
"112" 7.5 -37.5 6 648 "ALB" 0.423349869880324 877.284049070965 129356.469054984 371.398088022277 0.0028711211022961 "sea"
"113" 12.5 -37.5 6 648 "ALB" 0.408963589136351 792.476209769617 135356.552646027 324.093915052555 0.00239437181811284 "sea"
"114" 17.5 -37.5 6 648 "ALB" 0.392974234538266 717.076998908714 142478.293153558 281.792784751149 0.00197779450128198 "sea"
"115" 22.5 -37.5 6 648 "ALB" NA NA NA NA NA "land"
"116" -87.5 -32.5 6 648 "ALB" NA NA NA NA NA "land"
"117" -82.5 -32.5 6 648 "ALB" NA NA NA NA NA "land"
"118" -77.5 -32.5 6 648 "ALB" NA NA NA NA NA "land"
"119" -72.5 -32.5 6 648 "ALB" NA NA NA NA NA "land"
"120" -67.5 -32.5 6 648 "ALB" NA NA NA NA NA "land"
"121" -62.5 -32.5 6 648 "ALB" NA NA NA NA NA "land"
"122" -57.5 -32.5 6 648 "ALB" NA NA NA NA NA "land"
"123" -52.5 -32.5 6 648 "ALB" NA NA NA NA NA "land"
"124" -47.5 -32.5 6 648 "ALB" 0.504058709142987 1683.7178662614 133349.465727947 848.692654228704 0.00636442485611578 "sea"
"125" -42.5 -32.5 6 648 "ALB" 0.522565338153253 1689.02437896063 132526.643779476 882.625595740648 0.00665998602672932 "sea"
"126" -37.5 -32.5 6 648 "ALB" 0.528464321726205 1573.2910083301 129923.223208126 831.428165595101 0.0063993806885719 "sea"
"127" -32.5 -32.5 6 648 "ALB" 0.52451839695108 1386.14638195292 125878.982495551 727.059278201485 0.00577585919259543 "sea"
"128" -27.5 -32.5 6 648 "ALB" 0.513904737451452 1273.6782022379 122294.234275198 654.549262118704 0.00535224956432348 "sea"
"129" -22.5 -32.5 6 648 "ALB" 0.503161687893385 1220.571560599 119440.229559053 614.144846625655 0.00514185922861117 "sea"
"130" -17.5 -32.5 6 648 "ALB" 0.495721087294327 1181.00860475683 116602.424404125 585.450869654014 0.00502091506798295 "sea"
"131" -12.5 -32.5 6 648 "ALB" 0.489974770732017 1120.56936141063 115255.508980805 549.050715946496 0.00476376982585655 "sea"
"132" -7.5 -32.5 6 648 "ALB" 0.485442055018265 1056.9836025457 115403.233186324 513.104292140392 0.00444618645399613 "sea"
"133" -2.5 -32.5 6 648 "ALB" 0.475600142012092 980.866786653489 117714.568259133 466.500383027344 0.00396297917858736 "sea"
"134" 2.5 -32.5 6 648 "ALB" 0.463040022304553 897.364053418261 121941.920822199 415.515471310096 0.00340748668307392 "sea"
"135" 7.5 -32.5 6 648 "ALB" 0.447954332675045 814.664711103104 127262.898270597 364.932587016099 0.00286754892411887 "sea"
"136" 12.5 -32.5 6 648 "ALB" 0.433360289991244 735.91033961205 133165.873461868 318.914318181833 0.00239486521502188 "sea"
"137" 17.5 -32.5 6 648 "ALB" 0.417090212328131 665.893021505732 140172.352104496 277.737461727647 0.00198139973794974 "sea"
"138" 22.5 -32.5 6 648 "ALB" NA NA NA NA NA "land"
"139" -87.5 -27.5 6 648 "ALB" NA NA NA NA NA "land"
"140" -82.5 -27.5 6 648 "ALB" NA NA NA NA NA "land"
"141" -77.5 -27.5 6 648 "ALB" NA NA NA NA NA "land"
"142" -72.5 -27.5 6 648 "ALB" NA NA NA NA NA "land"
"143" -67.5 -27.5 6 648 "ALB" NA NA NA NA NA "land"
"144" -62.5 -27.5 6 648 "ALB" NA NA NA NA NA "land"
"145" -57.5 -27.5 6 648 "ALB" NA NA NA NA NA "land"
"146" -52.5 -27.5 6 648 "ALB" NA NA NA NA NA "land"
"147" -47.5 -27.5 6 648 "ALB" 0.539937456090907 1668.47192969832 133108.469763286 900.870489280397 0.00676794264769524 "sea"
"148" -42.5 -27.5 6 648 "ALB" 0.558278507874224 1673.73039233073 132287.134860663 934.407706014138 0.00706348132037436 "sea"
"149" -37.5 -27.5 6 648 "ALB" 0.564104307124401 1559.04497852374 129688.419323927 879.463987385908 0.00678136098790165 "sea"
"150" -32.5 -27.5 6 648 "ALB" 0.56020842568527 1373.59493243167 125651.487569708 769.499454626813 0.00612407755379671 "sea"
"151" -27.5 -27.5 6 648 "ALB" 0.549707504902598 1262.14514348607 122073.217889413 693.810657650659 0.00568356163330754 "sea"
"152" -22.5 -27.5 6 648 "ALB" 0.539045984332522 1209.51937842734 119224.371076346 651.986563913627 0.00546856786097974 "sea"
"153" -17.5 -27.5 6 648 "ALB" 0.531642556252457 1170.31466212584 116391.694547821 622.189078592314 0.0053456484245676 "sea"
"154" -12.5 -27.5 6 648 "ALB" 0.525914104408841 1110.42269150772 115047.213338842 583.986955319535 0.00507606345578797 "sea"
"155" -7.5 -27.5 6 648 "ALB" 0.521388796299857 1047.41269682833 115194.670569632 546.10924522851 0.00474075096120355 "sea"
"156" -2.5 -27.5 6 648 "ALB" 0.51154261255932 971.985112885093 117501.828479657 497.211804014006 0.00423152397241281 "sea"
"157" 2.5 -27.5 6 648 "ALB" 0.498936402023797 889.238490515741 121721.541155279 443.673452998997 0.00364498714679441 "sea"
"158" 7.5 -27.5 6 648 "ALB" 0.483734788600708 807.287984423096 127032.902261488 390.513282484798 0.00307411131708977 "sea"
"159" 12.5 -27.5 6 648 "ALB" 0.468965313003749 729.246727745323 132925.209294527 341.991419934045 0.00257281084415134 "sea"
"160" 17.5 -27.5 6 648 "ALB" NA NA NA NA NA "land"
"161" 22.5 -27.5 6 648 "ALB" NA NA NA NA NA "land"
"162" -87.5 -22.5 6 648 "ALB" NA NA NA NA NA "land"
"163" -82.5 -22.5 6 648 "ALB" NA NA NA NA NA "land"
"164" -77.5 -22.5 6 648 "ALB" NA NA NA NA NA "land"
"165" -72.5 -22.5 6 648 "ALB" NA NA NA NA NA "land"
"166" -67.5 -22.5 6 648 "ALB" NA NA NA NA NA "land"
"167" -62.5 -22.5 6 648 "ALB" NA NA NA NA NA "land"
"168" -57.5 -22.5 6 648 "ALB" NA NA NA NA NA "land"
"169" -52.5 -22.5 6 648 "ALB" NA NA NA NA NA "land"
"170" -47.5 -22.5 6 648 "ALB" NA NA NA NA NA "land"
"171" -42.5 -22.5 6 648 "ALB" NA NA NA NA NA "land"
"172" -37.5 -22.5 6 648 "ALB" 0.611141814776349 1673.43534198362 132692.513643469 1022.70631181075 0.00770733995256622 "sea"
"173" -32.5 -22.5 6 648 "ALB" 0.607373729125651 1474.37844139515 128562.070658143 895.498732092639 0.00696549711363813 "sea"
"174" -27.5 -22.5 6 648 "ALB" 0.597189219438465 1354.75135029301 124900.914165931 809.042901414692 0.0064774778216585 "sea"
"175" -22.5 -22.5 6 648 "ALB" 0.58680688742091 1298.26432370858 121986.076845979 761.830446845043 0.00624522459072884 "sea"
"176" -17.5 -22.5 6 648 "ALB" 0.579572259738299 1256.18307606331 119087.784378014 728.048864039019 0.00611354781551745 "sea"
"177" -12.5 -22.5 6 648 "ALB" 0.573960252752451 1191.89670734781 117712.159691585 684.101335404164 0.00581164543405339 "sea"
"178" -7.5 -22.5 6 648 "ALB" 0.569518165107023 1124.26353867905 117863.032612317 640.288507645223 0.00543247949296624 "sea"
"179" -2.5 -22.5 6 648 "ALB" 0.559826211714358 1043.30167646866 120223.633381835 584.067625212686 0.00485817645651804 "sea"
"180" 2.5 -22.5 6 648 "ALB" 0.547363495933231 954.48376280348 124541.091214233 522.449569219617 0.00419499752351543 "sea"
"181" 7.5 -22.5 6 648 "ALB" 0.532253727872553 866.52037811734 129975.484352226 461.208701530489 0.00354842841193529 "sea"
"182" 12.5 -22.5 6 648 "ALB" 0.517487760298574 782.753072583242 136004.28041165 405.065134397929 0.00297832636716949 "sea"
"183" 17.5 -22.5 6 648 "ALB" NA NA NA NA NA "land"
"184" 22.5 -22.5 6 648 "ALB" NA NA NA NA NA "land"
"185" -87.5 -17.5 6 648 "ALB" NA NA NA NA NA "land"
"186" -82.5 -17.5 6 648 "ALB" NA NA NA NA NA "land"
"187" -77.5 -17.5 6 648 "ALB" NA NA NA NA NA "land"
"188" -72.5 -17.5 6 648 "ALB" NA NA NA NA NA "land"
"189" -67.5 -17.5 6 648 "ALB" NA NA NA NA NA "land"
"190" -62.5 -17.5 6 648 "ALB" NA NA NA NA NA "land"
"191" -57.5 -17.5 6 648 "ALB" NA NA NA NA NA "land"
"192" -52.5 -17.5 6 648 "ALB" NA NA NA NA NA "land"
"193" -47.5 -17.5 6 648 "ALB" NA NA NA NA NA "land"
"194" -42.5 -17.5 6 648 "ALB" NA NA NA NA NA "land"
"195" -37.5 -17.5 6 648 "ALB" 0.659813540909794 1878.71793303015 134351.448974191 1239.60353176335 0.00922657359654884 "sea"
"196" -32.5 -17.5 6 648 "ALB" 0.656251810412602 1655.24245151817 130169.366769653 1086.25585548059 0.00834494230430441 "sea"
"197" -27.5 -17.5 6 648 "ALB" 0.646597456336812 1520.94054233092 126462.438125799 983.436285910705 0.00777650898152404 "sea"
"198" -22.5 -17.5 6 648 "ALB" 0.636713913775805 1457.52417531316 123511.159212567 928.025922086492 0.00751370101295322 "sea"
"199" -17.5 -17.5 6 648 "ALB" 0.629801842415678 1410.28076374415 120576.631996749 888.197423329457 0.00736624840668466 "sea"
"200" -12.5 -17.5 6 648 "ALB" 0.624425831582482 1338.10829868074 119183.809110275 835.549387151141 0.00701059475602132 "sea"
"201" -7.5 -17.5 6 648 "ALB" 0.620161705048025 1262.1784771586 119336.568259641 782.754756469599 0.00655921959115296 "sea"
"202" -2.5 -17.5 6 648 "ALB" 0.610830817708116 1171.28491311693 121726.681500591 715.456921248393 0.0058775686022864 "sea"
"203" 2.5 -17.5 6 648 "ALB" 0.598777228119195 1071.57158509596 126098.116630882 641.632663455053 0.0050883604021879 "sea"
"204" 7.5 -17.5 6 648 "ALB" 0.584079604376151 972.817612286958 131600.451105806 568.202926114719 0.00431763661401045 "sea"
"205" 12.5 -17.5 6 648 "ALB" NA NA NA NA NA "land"
"206" 17.5 -17.5 6 648 "ALB" NA NA NA NA NA "land"
"207" 22.5 -17.5 6 648 "ALB" NA NA NA NA NA "land"
"208" -87.5 -12.5 6 648 "ALB" NA NA NA NA NA "land"
"209" -82.5 -12.5 6 648 "ALB" NA NA NA NA NA "land"
"210" -77.5 -12.5 6 648 "ALB" NA NA NA NA NA "land"
"211" -72.5 -12.5 6 648 "ALB" NA NA NA NA NA "land"
"212" -67.5 -12.5 6 648 "ALB" NA NA NA NA NA "land"
"213" -62.5 -12.5 6 648 "ALB" NA NA NA NA NA "land"
"214" -57.5 -12.5 6 648 "ALB" NA NA NA NA NA "land"
"215" -52.5 -12.5 6 648 "ALB" NA NA NA NA NA "land"
"216" -47.5 -12.5 6 648 "ALB" NA NA NA NA NA "land"
"217" -42.5 -12.5 6 648 "ALB" NA NA NA NA NA "land"
"218" -37.5 -12.5 6 648 "ALB" 0.697802287229063 2114.31708417162 135182.383981572 1475.37529726244 0.0109139612263649 "sea"
"219" -32.5 -12.5 6 648 "ALB" 0.69445411149826 1862.8168349074 130974.436492111 1293.64080996962 0.0098770481066169 "sea"
"220" -27.5 -12.5 6 648 "ALB" 0.685358269396531 1711.67289997221 127244.581286589 1173.1091764979 0.00921932521319503 "sea"
"221" -22.5 -12.5 6 648 "ALB" 0.67601558547617 1640.30385311083 124275.049343827 1108.87096961953 0.00892271598743575 "sea"
"222" -17.5 -12.5 6 648 "ALB" 0.669463096750428 1587.13591851099 121322.372704149 1062.5289269702 0.00875789768438865 "sea"
"223" -12.5 -12.5 6 648 "ALB" 0.664356096257679 1505.91272198556 119920.935505702 1000.4622972831 0.00834268256050698 "sea"
"224" -7.5 -12.5 6 648 "ALB" 0.660298688805029 1420.46098065714 120074.639437769 937.928523026616 0.00781121248765203 "sea"
"225" -2.5 -12.5 6 648 "ALB" 0.651399550916411 1318.16898039684 122479.535018461 858.654681862442 0.00701059717227877 "sea"
"226" 2.5 -12.5 6 648 "ALB" 0.639861652568289 1205.9511805623 126878.006541065 771.64191531127 0.00608176260289464 "sea"
"227" 7.5 -12.5 6 648 "ALB" 0.62572831648697 1094.81304312879 132414.371779128 685.055522344953 0.00517357378312113 "sea"
"228" 12.5 -12.5 6 648 "ALB" 0.611760771186918 988.976480016747 138556.293440522 605.017014100769 0.00436657909270995 "sea"
"229" 17.5 -12.5 6 648 "ALB" NA NA NA NA NA "land"
"230" 22.5 -12.5 6 648 "ALB" NA NA NA NA NA "land"
"231" -87.5 -7.5 6 648 "ALB" NA NA NA NA NA "land"
"232" -82.5 -7.5 6 648 "ALB" NA NA NA NA NA "land"
"233" -77.5 -7.5 6 648 "ALB" NA NA NA NA NA "land"
"234" -72.5 -7.5 6 648 "ALB" NA NA NA NA NA "land"
"235" -67.5 -7.5 6 648 "ALB" NA NA NA NA NA "land"
"236" -62.5 -7.5 6 648 "ALB" NA NA NA NA NA "land"
"237" -57.5 -7.5 6 648 "ALB" NA NA NA NA NA "land"
"238" -52.5 -7.5 6 648 "ALB" NA NA NA NA NA "land"
"239" -47.5 -7.5 6 648 "ALB" NA NA NA NA NA "land"
"240" -42.5 -7.5 6 648 "ALB" NA NA NA NA NA "land"
"241" -37.5 -7.5 6 648 "ALB" NA NA NA NA NA "land"
"242" -32.5 -7.5 6 648 "ALB" 0.719900580430444 2092.89560162075 129157.636808741 1506.6767583871 0.0116654097706837 "sea"
"243" -27.5 -7.5 6 648 "ALB" 0.71124728282247 1923.08369595735 125479.51994192 1367.78805338985 0.0109004884145473 "sea"
"244" -22.5 -7.5 6 648 "ALB" 0.70233945586702 1842.8997715537 122551.179584615 1294.34122277048 0.0105616382245983 "sea"
"245" -17.5 -7.5 6 648 "ALB" 0.696080009044973 1783.16500086337 119639.460723628 1241.22550992966 0.0103747166898131 "sea"
"246" -12.5 -7.5 6 648 "ALB" 0.691194558745092 1691.90982881846 118257.463430605 1169.43886756666 0.00988892230259021 "sea"
"247" -7.5 -7.5 6 648 "ALB" 0.687308885057161 1595.90383927307 118409.03527291 1096.87888842922 0.00926347289209074 "sea"
"248" -2.5 -7.5 6 648 "ALB" 0.678773100943359 1480.97762998936 120780.571568794 1005.24777833563 0.00832292615673756 "sea"
"249" 2.5 -7.5 6 648 "ALB" 0.667678995178289 1354.89967358688 125118.030103798 904.638052627881 0.0072302772979833 "sea"
"250" 7.5 -7.5 6 648 "ALB" 0.654047097267814 1230.03472999812 130577.598167688 804.500644693868 0.00616109237712219 "sea"
"251" 12.5 -7.5 6 648 "ALB" 0.640529252937173 1111.12616460561 136634.322735446 711.708812133778 0.0052088581981835 "sea"
"252" 17.5 -7.5 6 648 "ALB" NA NA NA NA NA "land"
"253" 22.5 -7.5 6 648 "ALB" NA NA NA NA NA "land"
"254" -87.5 -2.5 6 648 "ALB" NA NA NA NA NA "land"
"255" -82.5 -2.5 6 648 "ALB" NA NA NA NA NA "land"
"256" -77.5 -2.5 6 648 "ALB" NA NA NA NA NA "land"
"257" -72.5 -2.5 6 648 "ALB" NA NA NA NA NA "land"
"258" -67.5 -2.5 6 648 "ALB" NA NA NA NA NA "land"
"259" -62.5 -2.5 6 648 "ALB" NA NA NA NA NA "land"
"260" -57.5 -2.5 6 648 "ALB" NA NA NA NA NA "land"
"261" -52.5 -2.5 6 648 "ALB" NA NA NA NA NA "land"
"262" -47.5 -2.5 6 648 "ALB" NA NA NA NA NA "land"
"263" -42.5 -2.5 6 648 "ALB" 0.726090684875403 2732.70760619705 131140.154836543 1984.19353734784 0.0151303278528304 "sea"
"264" -37.5 -2.5 6 648 "ALB" 0.730770572464116 2545.46018327501 128563.971156833 1860.14739531649 0.0144686522870963 "sea"
"265" -32.5 -2.5 6 648 "ALB" 0.727645100161553 2242.67500721111 124562.041143982 1631.87148025194 0.0131008729887915 "sea"
"266" -27.5 -2.5 6 648 "ALB" 0.719137715491659 2060.71040445534 121014.796429559 1481.93457254991 0.0122458956778275 "sea"
"267" -22.5 -2.5 6 648 "ALB" 0.710374182646125 1974.78806647493 118190.650207292 1402.83845862145 0.0118692845513672 "sea"
"268" -17.5 -2.5 6 648 "ALB" 0.704212539420761 1910.77833890662 115382.53406702 1345.59406631161 0.011662025601986 "sea"
"269" -12.5 -2.5 6 648 "ALB" 0.699401363306252 1812.99243240206 114049.710024031 1268.00937888592 0.0111180412349908 "sea"
"270" -7.5 -2.5 6 648 "ALB" 0.695573473369755 1710.11571311932 114195.888744267 1189.5111264386 0.0104164093779455 "sea"
"271" -2.5 -2.5 6 648 "ALB" 0.687160606719328 1586.96473653239 116483.042713334 1090.49965119778 0.00936187470550126 "sea"
"272" 2.5 -2.5 6 648 "ALB" 0.676217998664877 1451.86393094747 120666.168867132 981.776521719022 0.00813630308259868 "sea"
"273" 7.5 -2.5 6 648 "ALB" 0.662759452645294 1318.06294821022 125931.478442359 873.558678107845 0.00693677775336919 "sea"
"274" 12.5 -2.5 6 648 "ALB" NA NA NA NA NA "land"
"275" 17.5 -2.5 6 648 "ALB" NA NA NA NA NA "land"
"276" 22.5 -2.5 6 648 "ALB" NA NA NA NA NA "land"
"277" -87.5 2.5 6 648 "ALB" NA NA NA NA NA "land"
"278" -82.5 2.5 6 648 "ALB" NA NA NA NA NA "land"
"279" -77.5 2.5 6 648 "ALB" NA NA NA NA NA "land"
"280" -72.5 2.5 6 648 "ALB" NA NA NA NA NA "land"
"281" -67.5 2.5 6 648 "ALB" NA NA NA NA NA "land"
"282" -62.5 2.5 6 648 "ALB" NA NA NA NA NA "land"
"283" -57.5 2.5 6 648 "ALB" NA NA NA NA NA "land"
"284" -52.5 2.5 6 648 "ALB" NA NA NA NA NA "land"
"285" -47.5 2.5 6 648 "ALB" 0.690399645565464 2472.04108526304 120796.828202317 1706.69628908887 0.0141286515092135 "sea"
"286" -42.5 2.5 6 648 "ALB" 0.706008382387402 2479.83212773805 120051.461274839 1750.78226909665 0.0145835981545323 "sea"
"287" -37.5 2.5 6 648 "ALB" 0.710894769112316 2309.91194522557 117693.10951258 1642.10431897091 0.0139524253014607 "sea"
"288" -32.5 2.5 6 648 "ALB" 0.707630873654065 2035.14548074787 114029.5668962 1440.13177455474 0.012629459303881 "sea"
"289" -27.5 2.5 6 648 "ALB" 0.698757136152736 1870.01926417002 110782.263185169 1306.68930558189 0.0117951129360645 "sea"
"290" -22.5 2.5 6 648 "ALB" 0.689632135927518 1792.04788745522 108196.915613637 1235.85381231014 0.0114222647226219 "sea"
"291" -17.5 2.5 6 648 "ALB" 0.683225992626717 1733.96140262541 105626.242683677 1184.68750048516 0.0112158443809555 "sea"
"292" -12.5 2.5 6 648 "ALB" 0.678229431647788 1645.22427171536 104406.116977843 1115.83952273865 0.0106874918351332 "sea"
"293" -7.5 2.5 6 648 "ALB" 0.674257502168171 1551.86741454737 104539.935402822 1046.35824662889 0.0100091725004132 "sea"
"294" -2.5 2.5 6 648 "ALB" 0.665538815510621 1440.11241097142 106633.69666526 958.450708200064 0.00898825360250607 "sea"
"295" 2.5 2.5 6 648 "ALB" NA NA NA NA NA "land"
"296" 7.5 2.5 6 648 "ALB" NA NA NA NA NA "land"
"297" 12.5 2.5 6 648 "ALB" NA NA NA NA NA "land"
"298" 17.5 2.5 6 648 "ALB" NA NA NA NA NA "land"
"299" 22.5 2.5 6 648 "ALB" NA NA NA NA NA "land"
"300" -87.5 7.5 6 648 "ALB" NA NA NA NA NA "land"
"301" -82.5 7.5 6 648 "ALB" NA NA NA NA NA "land"
"302" -77.5 7.5 6 648 "ALB" NA NA NA NA NA "land"
"303" -72.5 7.5 6 648 "ALB" NA NA NA NA NA "land"
"304" -67.5 7.5 6 648 "ALB" NA NA NA NA NA "land"
"305" -62.5 7.5 6 648 "ALB" NA NA NA NA NA "land"
"306" -57.5 7.5 6 648 "ALB" 0.57608302866981 1432.60351556922 103614.211839728 825.298572132134 0.0079651097805841 "sea"
"307" -52.5 7.5 6 648 "ALB" 0.611084417509503 1741.08997670941 106633.134617032 1063.9529542491 0.00997769556404992 "sea"
"308" -47.5 7.5 6 648 "ALB" 0.637211142125907 1923.12001735339 107147.737374794 1225.43350270295 0.0114368584230247 "sea"
"309" -42.5 7.5 6 648 "ALB" 0.654158154690276 1929.18104515307 106486.591043538 1261.98951256079 0.0118511589130016 "sea"
"310" -37.5 7.5 6 648 "ALB" 0.659490690470558 1796.99193782385 104394.714468462 1185.09945384548 0.0113521020664652 "sea"
"311" -32.5 7.5 6 648 "ALB" 0.65592734243344 1583.23784972047 101145.123332975 1038.48899520718 0.0102673165149883 "sea"
"312" -27.5 7.5 6 648 "ALB" 0.646268787489193 1454.77819976408 98264.7393826359 940.177743227245 0.00956780376291702 "sea"
"313" -22.5 7.5 6 648 "ALB" 0.636381222194982 1394.12050429343 95971.515738112 887.192110409337 0.00924432737761811 "sea"
"314" -17.5 7.5 6 648 "ALB" 0.62946650457175 1348.93222551447 93691.3086161622 849.107652898785 0.00906282199960979 "sea"
"315" -12.5 7.5 6 648 "ALB" NA NA NA NA NA "land"
"316" -7.5 7.5 6 648 "ALB" NA NA NA NA NA "land"
"317" -2.5 7.5 6 648 "ALB" NA NA NA NA NA "land"
"318" 2.5 7.5 6 648 "ALB" NA NA NA NA NA "land"
"319" 7.5 7.5 6 648 "ALB" NA NA NA NA NA "land"
"320" 12.5 7.5 6 648 "ALB" NA NA NA NA NA "land"
"321" 17.5 7.5 6 648 "ALB" NA NA NA NA NA "land"
"322" 22.5 7.5 6 648 "ALB" NA NA NA NA NA "land"
"323" -87.5 12.5 6 648 "ALB" NA NA NA NA NA "land"
"324" -82.5 12.5 6 648 "ALB" NA NA NA NA NA "land"
"325" -77.5 12.5 6 648 "ALB" NA NA NA NA NA "land"
"326" -72.5 12.5 6 648 "ALB" NA NA NA NA NA "land"
"327" -67.5 12.5 6 648 "ALB" NA NA NA NA NA "land"
"328" -62.5 12.5 6 648 "ALB" NA NA NA NA NA "land"
"329" -57.5 12.5 6 648 "ALB" 0.502366072658591 1071.52551406467 92972.5629434111 538.298064254147 0.00578985936508805 "sea"
"330" -52.5 12.5 6 648 "ALB" 0.538578913127527 1302.2600545449 95681.4286766982 701.369804786187 0.00733026057915663 "sea"
"331" -47.5 12.5 6 648 "ALB" 0.566118075176886 1438.41065780428 96143.1794002457 814.310272910076 0.00846976642534452 "sea"
"332" -42.5 12.5 6 648 "ALB" 0.584219125677016 1442.94404464735 95549.9357919988 842.99550816473 0.00882256488376753 "sea"
"333" -37.5 12.5 6 648 "ALB" 0.589954084306284 1344.07230543595 93672.9044167382 792.940946194901 0.00846499797494495 "sea"
"334" -32.5 12.5 6 648 "ALB" 0.586119729049543 1184.19348575611 90757.0610105095 694.079165013603 0.00764766021823063 "sea"
"335" -27.5 12.5 6 648 "ALB" 0.575768979535472 1088.11121947646 88172.5055391198 626.500686459057 0.00710539734159074 "sea"
"336" -22.5 12.5 6 648 "ALB" 0.565236485201616 1042.74188482468 86114.8063504835 589.39575795081 0.00684430219295849 "sea"
"337" -17.5 12.5 6 648 "ALB" 0.557908716386573 1008.94300528676 84068.7868285918 562.898096986749 0.00669568478648853 "sea"
"338" -12.5 12.5 6 648 "ALB" NA NA NA NA NA "land"
"339" -7.5 12.5 6 648 "ALB" NA NA NA NA NA "land"
"340" -2.5 12.5 6 648 "ALB" NA NA NA NA NA "land"
"341" 2.5 12.5 6 648 "ALB" NA NA NA NA NA "land"
"342" 7.5 12.5 6 648 "ALB" NA NA NA NA NA "land"
"343" 12.5 12.5 6 648 "ALB" NA NA NA NA NA "land"
"344" 17.5 12.5 6 648 "ALB" NA NA NA NA NA "land"
"345" 22.5 12.5 6 648 "ALB" NA NA NA NA NA "land"
"346" -87.5 17.5 6 648 "ALB" NA NA NA NA NA "land"
"347" -82.5 17.5 6 648 "ALB" NA NA NA NA NA "land"
"348" -77.5 17.5 6 648 "ALB" NA NA NA NA NA "land"
"349" -72.5 17.5 6 648 "ALB" NA NA NA NA NA "land"
"350" -67.5 17.5 6 648 "ALB" NA NA NA NA NA "land"
"351" -62.5 17.5 6 648 "ALB" NA NA NA NA NA "land"
"352" -57.5 17.5 6 648 "ALB" 0.436204436982405 807.030105499628 87858.7974977871 352.030112797316 0.00400677135156764 "sea"
"353" -52.5 17.5 6 648 "ALB" 0.472173267126748 980.810121096094 90418.6676183345 463.112319308924 0.00512186621974749 "sea"
"354" -47.5 17.5 6 648 "ALB" 0.499996297708541 1083.35330300825 90855.0206888562 541.672640614445 0.00596194504725795 "sea"
"355" -42.5 17.5 6 648 "ALB" 0.518509714081414 1086.76766842859 90294.4072305013 563.499593029833 0.00624069209061138 "sea"
"356" -37.5 17.5 6 648 "ALB" 0.524413202499394 1012.30143399986 88520.6181224565 530.864236898595 0.0059970687977372 "sea"
"357" -32.5 17.5 6 648 "ALB" 0.520464138985667 891.88710973059 85765.1547120414 464.195256638346 0.00541239922200214 "sea"
"358" -27.5 17.5 6 648 "ALB" 0.509844550608291 819.521794603217 83322.7574219846 417.828721083177 0.00501458105817479 "sea"
"359" -22.5 17.5 6 648 "ALB" 0.499099230424902 785.351428662439 81378.237763687 391.96829365852 0.00481662302391889 "sea"
"360" -17.5 17.5 6 648 "ALB" 0.491659256042751 759.895466148038 79444.7553559814 373.609639556604 0.00470276027514351 "sea"
"361" -12.5 17.5 6 648 "ALB" NA NA NA NA NA "land"
"362" -7.5 17.5 6 648 "ALB" NA NA NA NA NA "land"
"363" -2.5 17.5 6 648 "ALB" NA NA NA NA NA "land"
"364" 2.5 17.5 6 648 "ALB" NA NA NA NA NA "land"
"365" 7.5 17.5 6 648 "ALB" NA NA NA NA NA "land"
"366" 12.5 17.5 6 648 "ALB" NA NA NA NA NA "land"
"367" 17.5 17.5 6 648 "ALB" NA NA NA NA NA "land"
"368" 22.5 17.5 6 648 "ALB" NA NA NA NA NA "land"
"369" -87.5 22.5 6 648 "ALB" NA NA NA NA NA "land"
"370" -82.5 22.5 6 648 "ALB" NA NA NA NA NA "land"
"371" -77.5 22.5 6 648 "ALB" 0.256767058186697 243.10204228257 71906.817068369 62.4205962360734 0.000868076196123712 "sea"
"372" -72.5 22.5 6 648 "ALB" 0.286489071225364 312.510860651361 74999.3179325206 89.5309462158476 0.00119375680584724 "sea"
"373" -67.5 22.5 6 648 "ALB" 0.318887999036028 403.819877166221 78456.5795423919 128.773312600511 0.00164133222926105 "sea"
"374" -62.5 22.5 6 648 "ALB" 0.353397704031744 518.072222804891 82711.7569173005 183.085534061871 0.00221353699746614 "sea"
"375" -57.5 22.5 6 648 "ALB" 0.392248846358817 657.842356693551 87365.4655477367 258.037905499011 0.002953545819063 "sea"
"376" -52.5 22.5 6 648 "ALB" 0.427340436237617 799.497363399214 89910.9618576427 341.657552045844 0.003799954365818 "sea"
"377" -47.5 22.5 6 648 "ALB" 0.454797954639677 883.084391927954 90344.8647818233 401.624975223056 0.00444546545277314 "sea"
"378" -42.5 22.5 6 648 "ALB" 0.47322172898994 885.867577064941 89787.3991986789 419.211786474801 0.00466893784891999 "sea"
"379" -37.5 22.5 6 648 "ALB" 0.479122681950352 825.167185819483 88023.5700134256 395.356315127255 0.00449148239576007 "sea"
"380" -32.5 22.5 6 648 "ALB" 0.475173914527482 727.012677930441 85283.5786806652 345.457460083315 0.00405069141595057 "sea"
"381" -27.5 22.5 6 648 "ALB" 0.464583141271163 668.024829618648 82854.8955848864 310.353073791365 0.00374574213871771 "sea"
"382" -22.5 22.5 6 648 "ALB" 0.453908363274175 640.171204448561 80921.2945107518 290.579063626504 0.00359088501220028 "sea"
"383" -17.5 22.5 6 648 "ALB" 0.446541495589188 619.421036321923 78998.6687124439 276.597195958596 0.00350128933141156 "sea"
"384" -12.5 22.5 6 648 "ALB" NA NA NA NA NA "land"
"385" -7.5 22.5 6 648 "ALB" NA NA NA NA NA "land"
"386" -2.5 22.5 6 648 "ALB" NA NA NA NA NA "land"
"387" 2.5 22.5 6 648 "ALB" NA NA NA NA NA "land"
"388" 7.5 22.5 6 648 "ALB" NA NA NA NA NA "land"
"389" 12.5 22.5 6 648 "ALB" NA NA NA NA NA "land"
"390" 17.5 22.5 6 648 "ALB" NA NA NA NA NA "land"
"391" 22.5 22.5 6 648 "ALB" NA NA NA NA NA "land"
"392" -87.5 27.5 6 648 "ALB" NA NA NA NA NA "land"
"393" -82.5 27.5 6 648 "ALB" NA NA NA NA NA "land"
"394" -77.5 27.5 6 648 "ALB" 0.230301728032359 208.869693723442 72458.0284970499 48.1030513980982 0.000663874692644401 "sea"
"395" -72.5 27.5 6 648 "ALB" 0.258023785866784 268.504728041847 75574.2353447095 69.2806064524886 0.000916722559434252 "sea"
"396" -67.5 27.5 6 648 "ALB" 0.288505227477502 346.956090007287 79057.9990609037 100.098645672257 0.00126614190671768 "sea"
"397" -62.5 27.5 6 648 "ALB" 0.321277874647188 445.120022390034 83345.7950733175 143.007214756379 0.00171582999035019 "sea"
"398" -57.5 27.5 6 648 "ALB" 0.358555982000584 565.208462548326 88035.1773364834 202.658875324055 0.00230202154928891 "sea"
"399" -52.5 27.5 6 648 "ALB" 0.3925803941227 686.916357665937 90600.1864925266 269.669894421823 0.00297648277406214 "sea"
"400" -47.5 27.5 6 648 "ALB" 0.419440348693117 758.733101302164 91037.4155582403 318.243276575189 0.0034957415544337 "sea"
"401" -42.5 27.5 6 648 "ALB" 0.437581387035098 761.124372974256 90475.6766472937 333.053858832294 0.00368114250342284 "sea"
"402" -37.5 27.5 6 648 "ALB" 0.443412006560872 708.971490961052 88698.3265909356 314.366471401493 0.00354422099586284 "sea"
"403" -32.5 27.5 6 648 "ALB" 0.439509215185433 624.638583644175 85937.3314841428 274.534413671992 0.0031945885324895 "sea"
"404" -27.5 27.5 6 648 "ALB" 0.429063484059005 573.957093293025 83490.0309897136 246.264030148685 0.00294962197557485 "sea"
"405" -22.5 27.5 6 648 "ALB" 0.418566821263209 550.025668843692 81541.6076351051 230.222495821075 0.00282337450165699 "sea"
"406" -17.5 27.5 6 648 "ALB" 0.411341488596502 532.197430048877 79604.243688784 218.914883103538 0.00275004036165954 "sea"
"407" -12.5 27.5 6 648 "ALB" NA NA NA NA NA "land"
"408" -7.5 27.5 6 648 "ALB" NA NA NA NA NA "land"
"409" -2.5 27.5 6 648 "ALB" NA NA NA NA NA "land"
"410" 2.5 27.5 6 648 "ALB" NA NA NA NA NA "land"
"411" 7.5 27.5 6 648 "ALB" NA NA NA NA NA "land"
"412" 12.5 27.5 6 648 "ALB" NA NA NA NA NA "land"
"413" 17.5 27.5 6 648 "ALB" NA NA NA NA NA "land"
"414" 22.5 27.5 6 648 "ALB" NA NA NA NA NA "land"
"415" -87.5 32.5 6 648 "ALB" NA NA NA NA NA "land"
"416" -82.5 32.5 6 648 "ALB" NA NA NA NA NA "land"
"417" -77.5 32.5 6 648 "ALB" 0.215298427689124 185.043997666921 75871.9595139917 39.8396817509979 0.000525090982310151 "sea"
"418" -72.5 32.5 6 648 "ALB" 0.241781803684314 237.876483579851 79134.9895009652 57.5142052540184 0.000726786035061228 "sea"
"419" -67.5 32.5 6 648 "ALB" 0.271045428698778 307.378924942747 82782.8941585169 83.3136524840762 0.0010064114492608 "sea"
"420" -62.5 32.5 6 648 "ALB" 0.302678472932912 394.34533041304 87272.7138818255 119.359842417643 0.00136766507088649 "sea"
"421" -57.5 32.5 6 648 "ALB" 0.338875986803458 500.735322394827 92183.0409856197 169.687176503895 0.00184076349282473 "sea"
"422" -52.5 32.5 6 648 "ALB" 0.37211628174943 608.560038650736 94868.9030615972 226.455098804001 0.00238703190925446 "sea"
"423" -47.5 32.5 6 648 "ALB" 0.398494653388985 672.184670376696 95326.7326031991 267.861997235151 0.00280993578527585 "sea"
"424" -42.5 32.5 6 648 "ALB" 0.416379502711056 674.303170489486 94738.5268129945 280.7660188049 0.00296358860803386 "sea"
"425" -37.5 32.5 6 648 "ALB" 0.422139658907908 628.099350272502 92877.43516704 265.145645484312 0.00285479077891684 "sea"
"426" -32.5 32.5 6 648 "ALB" 0.418283392502738 553.386269467915 89986.3530701893 231.472286157474 0.00257230433571328 "sea"
"427" -27.5 32.5 6 648 "ALB" 0.407974933355824 508.485999758553 87423.7456147647 207.449541863865 0.00237291985609948 "sea"
"428" -22.5 32.5 6 648 "ALB" 0.397634870391716 487.284424886557 85383.5203844717 193.761279133668 0.00226930534441757 "sea"
"429" -17.5 32.5 6 648 "ALB" 0.39052817475231 471.489847324141 83354.8756373251 184.130069489742 0.00220898979312124 "sea"
"430" -12.5 32.5 6 648 "ALB" 0.385070112720682 447.360904060806 82392.0142887846 172.265313753521 0.00209080109571942 "sea"
"431" -7.5 32.5 6 648 "ALB" NA NA NA NA NA "land"
"432" -2.5 32.5 6 648 "ALB" NA NA NA NA NA "land"
"433" 2.5 32.5 6 648 "ALB" NA NA NA NA NA "land"
"434" 7.5 32.5 6 648 "ALB" NA NA NA NA NA "land"
"435" 12.5 32.5 6 648 "ALB" NA NA NA NA NA "land"
"436" 17.5 32.5 6 648 "ALB" NA NA NA NA NA "land"
"437" 22.5 32.5 6 648 "ALB" NA NA NA NA NA "land"
"438" -87.5 37.5 6 648 "ALB" NA NA NA NA NA "land"
"439" -82.5 37.5 6 648 "ALB" NA NA NA NA NA "land"
"440" -77.5 37.5 6 648 "ALB" NA NA NA NA NA "land"
"441" -72.5 37.5 6 648 "ALB" 0.227305690030568 211.842109592806 83300.2688347994 48.1529168985239 0.000578064363681953 "sea"
"442" -67.5 37.5 6 648 "ALB" 0.255407420083794 273.737861449351 87140.1813763189 69.9146809720337 0.00080232425349339 "sea"
"443" -62.5 37.5 6 648 "ALB" 0.285931273024696 351.18623516531 91866.3232805499 100.415127289567 0.00109305699524852 "sea"
"444" -57.5 37.5 6 648 "ALB" 0.321048075032503 445.932382417052 97035.1060199205 143.165732969652 0.00147540141750617 "sea"
"445" -52.5 37.5 6 648 "ALB" 0.353474607430456 541.956230651844 99862.3387572091 191.56776587415 0.00191831843974634 "sea"
"446" -47.5 37.5 6 648 "ALB" 0.379329866081791 598.617469308368 100344.266209736 227.073484466964 0.0022629442921267 "sea"
"447" -42.5 37.5 6 648 "ALB" 0.396922167344255 600.504110334468 99725.1001396675 238.353392973091 0.00239010432317712 "sea"
"448" -37.5 37.5 6 648 "ALB" 0.402598834726379 559.357063771846 97766.0497194697 225.196502070514 0.00230342233031501 "sea"
"449" -32.5 37.5 6 648 "ALB" 0.398797882364491 492.820950518313 94722.795181751 196.535951451559 0.0020748537991774 "sea"
"450" -27.5 37.5 6 648 "ALB" 0.388648803028722 452.834787475322 92025.3045862372 175.99369812205 0.00191244896078693 "sea"
"451" -22.5 37.5 6 648 "ALB" 0.378485414227897 433.953617382416 89877.6918647511 164.245114630678 0.00182742915647896 "sea"
"452" -17.5 37.5 6 648 "ALB" 0.371509884089469 419.887676182196 87742.2691664823 155.992421909044 0.00177784804736545 "sea"
"453" -12.5 37.5 6 648 "ALB" 0.366157935607797 398.399523313002 86728.7274993911 145.877147003419 0.00168199339722174 "sea"
"454" -7.5 37.5 6 648 "ALB" NA NA NA NA NA "land"
"455" -2.5 37.5 6 648 "ALB" NA NA NA NA NA "land"
"456" 2.5 37.5 6 648 "ALB" NA NA NA NA NA "land"
"457" 7.5 37.5 6 648 "ALB" NA NA NA NA NA "land"
"458" 12.5 37.5 6 648 "ALB" NA NA NA NA NA "land"
"459" 17.5 37.5 6 648 "ALB" NA NA NA NA NA "land"
"460" 22.5 37.5 6 648 "ALB" NA NA NA NA NA "land"
"461" -87.5 42.5 6 648 "ALB" NA NA NA NA NA "land"
"462" -82.5 42.5 6 648 "ALB" NA NA NA NA NA "land"
"463" -77.5 42.5 6 648 "ALB" NA NA NA NA NA "land"
"464" -72.5 42.5 6 648 "ALB" NA NA NA NA NA "land"
"465" -67.5 42.5 6 648 "ALB" 0.24440741545971 248.969855880876 92781.5883431617 60.8500790032212 0.00065584217827961 "sea"
"466" -62.5 42.5 6 648 "ALB" 0.274100591299176 319.410643063828 97813.6980505773 87.5506461310454 0.000895075514737976 "sea"
"467" -57.5 42.5 6 648 "ALB" 0.308391919611766 405.58408835064 103317.104915069 125.078855570442 0.00121063066636702 "sea"
"468" -52.5 42.5 6 648 "ALB" 0.340180629533985 492.919627283996 106327.371130245 167.681709119127 0.00157703239849433 "sea"
"469" -47.5 42.5 6 648 "ALB" 0.365613384661348 544.454114868778 106840.498298509 199.059711729972 0.0018631484774042 "sea"
"470" -42.5 42.5 6 648 "ALB" 0.382962055551659 546.170051209773 106181.247760791 209.16240549205 0.00196986200391295 "sea"
"471" -37.5 42.5 6 648 "ALB" 0.388567707716458 508.746020064139 104095.369503947 197.682274826194 0.00189904964810848 "sea"
"472" -32.5 42.5 6 648 "ALB" 0.384813894712136 448.230143890134 100855.096356905 172.485187397744 0.00171022777854829 "sea"
"473" -27.5 42.5 6 648 "ALB" 0.374798834586583 411.861958658715 97982.9717177369 154.365382115834 0.001575430704026 "sea"
"474" -22.5 42.5 6 648 "ALB" 0.364781521791585 394.689170897448 95696.323740899 143.97531639463 0.00150450206200656 "sea"
"475" -17.5 42.5 6 648 "ALB" 0.357913111149789 381.895926532543 93422.654962614 136.685559200694 0.00146308793360018 "sea"
"476" -12.5 42.5 6 648 "ALB" 0.352647131472631 362.35203773812 92343.4971706583 127.782406691611 0.00138377265976248 "sea"
"477" -7.5 42.5 6 648 "ALB" NA NA NA NA NA "land"
"478" -2.5 42.5 6 648 "ALB" NA NA NA NA NA "land"
"479" 2.5 42.5 6 648 "ALB" NA NA NA NA NA "land"
"480" 7.5 42.5 6 648 "ALB" NA NA NA NA NA "land"
"481" 12.5 42.5 6 648 "ALB" NA NA NA NA NA "land"
"482" 17.5 42.5 6 648 "ALB" NA NA NA NA NA "land"
"483" 22.5 42.5 6 648 "ALB" NA NA NA NA NA "land"
"484" -87.5 47.5 6 648 "ALB" NA NA NA NA NA "land"
"485" -82.5 47.5 6 648 "ALB" NA NA NA NA NA "land"
"486" -77.5 47.5 6 648 "ALB" NA NA NA NA NA "land"
"487" -72.5 47.5 6 648 "ALB" NA NA NA NA NA "land"
"488" -67.5 47.5 6 648 "ALB" NA NA NA NA NA "land"
"489" -62.5 47.5 6 648 "ALB" NA NA NA NA NA "land"
"490" -57.5 47.5 6 648 "ALB" NA NA NA NA NA "land"
"491" -52.5 47.5 6 648 "ALB" 0.326884341507081 455.175752738155 113263.321399236 148.789826203801 0.001313662926053 "sea"
"492" -47.5 47.5 6 648 "ALB" 0.35185312406832 502.764138105621 113809.92089436 176.899132661979 0.00155433842034017 "sea"
"493" -42.5 47.5 6 648 "ALB" 0.368928574853824 504.348681654772 113107.666105754 186.0686403523 0.00164505772914038 "sea"
"494" -37.5 47.5 6 648 "ALB" 0.374453468762005 469.790285915754 110885.721775774 175.914602151848 0.00158644953863016 "sea"
"495" -32.5 47.5 6 648 "ALB" 0.370753328422246 413.908235444589 107434.079033425 153.45785595246 0.00142839085449522 "sea"
"496" -27.5 47.5 6 648 "ALB" 0.360889533702019 380.324837316086 104374.599873479 137.255253194299 0.00131502543109796 "sea"
"497" -22.5 47.5 6 648 "ALB" 0.351035245076291 364.467005403574 101938.789207096 127.940764564066 0.00125507439865844 "sea"
"498" -17.5 47.5 6 648 "ALB" 0.344285378144594 352.653366198651 99516.8043987363 121.413397535666 0.00122002910231318 "sea"
"499" -12.5 47.5 6 648 "ALB" 0.339114008053344 334.605993359292 98367.2509532641 113.46957952674 0.00115353004609889 "sea"
"500" -7.5 47.5 6 648 "ALB" NA NA NA NA NA "land"
"501" -2.5 47.5 6 648 "ALB" NA NA NA NA NA "land"
"502" 2.5 47.5 6 648 "ALB" NA NA NA NA NA "land"
"503" 7.5 47.5 6 648 "ALB" NA NA NA NA NA "land"
"504" 12.5 47.5 6 648 "ALB" NA NA NA NA NA "land"
"505" 17.5 47.5 6 648 "ALB" NA NA NA NA NA "land"
"506" 22.5 47.5 6 648 "ALB" NA NA NA NA NA "land"
"507" -87.5 52.5 6 648 "ALB" NA NA NA NA NA "land"
"508" -82.5 52.5 6 648 "ALB" NA NA NA NA NA "land"
"509" -77.5 52.5 6 648 "ALB" NA NA NA NA NA "land"
"510" -72.5 52.5 6 648 "ALB" NA NA NA NA NA "land"
"511" -67.5 52.5 6 648 "ALB" NA NA NA NA NA "land"
"512" -62.5 52.5 6 648 "ALB" NA NA NA NA NA "land"
"513" -57.5 52.5 6 648 "ALB" NA NA NA NA NA "land"
"514" -52.5 52.5 6 648 "ALB" NA NA NA NA NA "land"
"515" -47.5 52.5 6 648 "ALB" 0.339113133198291 429.569677217588 121587.628810626 145.672719168235 0.00119808833014683 "sea"
"516" -42.5 52.5 6 648 "ALB" 0.355909816740851 430.923536431793 120837.382312811 153.369916880759 0.00126922574740763 "sea"
"517" -37.5 52.5 6 648 "ALB" 0.36135138361788 401.396293381595 118463.59151928 145.045105992528 0.00122438551906407 "sea"
"518" -32.5 52.5 6 648 "ALB" 0.357706677293122 353.649780526472 114776.065394619 126.502887917566 0.00110217132363467 "sea"
"519" -27.5 52.5 6 648 "ALB" 0.347998023910695 324.955590944279 111507.503097676 113.083903507341 0.00101413716894265 "sea"
"520" -22.5 52.5 6 648 "ALB" 0.338309410750725 311.406407102934 108905.230458966 105.351718090994 0.000967370599621369 "sea"
"521" -17.5 52.5 6 648 "ALB" 0.331679179291916 301.31264584314 106317.728529876 99.9391310835284 0.000940004385585093 "sea"
"522" -12.5 52.5 6 648 "ALB" 0.326602847738437 285.892683404212 105089.615228964 93.373364547399 0.000888511812931866 "sea"
"523" -7.5 52.5 6 648 "ALB" NA NA NA NA NA "land"
"524" -2.5 52.5 6 648 "ALB" NA NA NA NA NA "land"
"525" 2.5 52.5 6 648 "ALB" NA NA NA NA NA "land"
"526" 7.5 52.5 6 648 "ALB" NA NA NA NA NA "land"
"527" 12.5 52.5 6 648 "ALB" NA NA NA NA NA "land"
"528" 17.5 52.5 6 648 "ALB" NA NA NA NA NA "land"
"529" 22.5 52.5 6 648 "ALB" NA NA NA NA NA "land"
